702
425
227
445
281
949
825
790
58
234
155
930
206
234
118
779
845
586
600
746
388
837
849
35
804
655
557
391
770
401
379
396
486
184
968
599
472
483
634
10
301
238
51
129
181
984
724
442
188
415
79
569
439
246
914
284
336
799
707
932
662
46
143
576
604
539
296
524
729
179
898
676
97
991
162
193
785
851
882
355
792
848
574
31
196
426
647
117
106
498
149
757
410
537
536
672
507
950
813
158
716
892
955
785
232
605
726
230
439
965
565
698
302
706
746
939
169
533
103
3
841
595
593
321
301
441
563
657
656
561
842
383
272
976
22
904
343
339
636
872
178
15
720
691
323
344
813
62
761
298
827
176
170
705
391
498
294
268
540
320
654
670
735
165
135
70
701
769
713
14
258
213
891
724
815
348
260
185
596
328
128
659
456
329
573
234
501
792
16
949
863
992
979
431
176
752
784
291
801
895
504
226
626
182
839
411
997
197
863
915
51
289
640
931
854
48
808
843
242
863
915
964
251
61
204
967
33
884
169
925
588
195
139
957
44
365
638
999
346
336
192
587
866
320
136
60
754
18
432
419
765
10
529
746
872
457
834
460
221
734
749
77
901
529
71
851
382
645
229
559
440
879
373
558
129
374
733
197
158
668
714
841
493
560
708
571
832
624
666
192
148
715
89
305
78
483
843
839
431
549
976
909
189
162
413
632
19
214
947
681
397
896
228
779
568
643
181
439
844
296
791
166
832
409
467
781
788
355
964
193
354
987
779
83
638
609
522
235
108
515
270
375
945
696
719
803
974
643
469
394
315
671
902
328
309
360
420
52
764
948
454
940
405
334
866
990
697
263
923
246
899
353
861
512
988
396
713
554
146
456
290
357
688
825
34
23
620
296
342
754
338
541
767
293
490
446
2
800
545
618
328
89
134
318
80
907
512
679
378
327
704
120
477
559
348
22
201
966
22
891
649
761
443
60
50
676
921
3
276
37
527
739
694
38
263
534
701
367
528
601
608
735
811
32
146
427
198
351
356
791
245
492
803
523
773
396
66
786
107
128
257
918
848
751
62
369
821
123
211
774
961
161
243
589
680
881
278
223
146
940
975
324
538
740
104
222
42
717
895
223
356
746
529
600
124
18
329
238
239
165
6
600
384
60
926
75
298
609
206
792
45
770
692
896
844
742
127
417
440
266
973
944
594
179
756
850
821
340
660
520
685
252
285
324
491
845
786
48
72
518
987
402
464
774
799
62
488
396
114
113
299
827
985
358
122
712
644
807
113
636
262
812
698
914
84
908
59
554
278
84
103
203
868
102
74
744
254
498
562
594
947
247
777
678
995
29
583
879
25
283
538
556
85
634
138
387
50
859
455
931
55
273
368
221
885
965
144
133
936
299
306
33
562
911
370
398
400
84
896
845
104
841
460
527
734
657
860
434
357
677
971
317
593
761
133
905
497
246
361
785
831
348
388
686
480
835
42
305
151
174
198
18
646
790
795
167
369
148
943
914
958
339
717
517
624
66
71
382
506
264
457
512
310
799
257
602
425
865
341
892
586
601
672
909
83
142
896
443
985
645
998
312
892
899
764
546
517
290
258
915
199
645
831
800
539
795
816
814
491
921
825
231
946
183
452
14
310
587
805
270
32
866
779
850
832
461
45
399
387
739
258
309
144
583
253
711
427
661
397
360
782
388
811
348
26
904
933
103
85
656
139
2
651
204
575
221
446
256
956
834
69
692
385
578
307
969
744
502
75
801
970
56
726
297
944
133
816
276
9
452
28
587
352
737
145
282
21
381
570
318
786
694
671
756
632
24
612
997
450
101
956
625
571
86
909
102
703
176
419
544
654
634
205
57
783
209
991
977
9
199
594
928
200
429
790
863
901
460
560
599
835
753
382
994
220
590
478
52
228
18
139
501
496
538
948
433
860
571
721
696
868
54
977
785
203
718
238
481
663
481
880
501
201
36
459
915
618
104
238
663
881
56
778
276
655
649
193
378
907
744
243
374
628
335
695
670
895
873
834
765
215
252
456
266
941
592
873
764
49
579
110
597
193
493
759
756
750
941
707
42
67
869
30
672
879
283
569
809
495
706
91
322
594
910
46
902
193
859
135
252
30
95
677
939
194
54
548
63
893
961
820
717
703
326
867
928
889
301
709
849
910
396
509
794
286
881
92
719
982
113
527
664
546
593
474
280
661
102
58
342
725
222
853
286
986
616
619
130
151
72
27
596
223
801
667
396
174
213
687
620
708
987
138
99
0
412
523
387
160
654
702
425
227
445
281
949
825
790
58
234
155
930
206
234
118
779
845
586
600
746
388
837
849
35
804
655
557
391
770
401
379
396
486
184
968
599
472
483
634
10
301
238
51
129
181
984
724
442
188
415
79
569
439
246
914
284
336
799
707
932
662
46
143
576
604
539
296
524
729
179
898
676
97
991
162
193
785
851
882
355
792
848
574
31
196
426
647
117
106
498
149
757
410
537
536
672
507
950
813
158
716
892
955
785
232
605
726
230
439
965
565
698
302
706
746
939
169
533
103
3
841
595
593
321
301
441
563
657
656
561
842
383
272
976
22
904
343
339
636
872
178
15
720
691
323
344
813
62
761
298
827
176
170
705
391
498
294
268
540
320
654
670
735
165
135
70
701
769
713
14
258
213
891
724
815
348
260
185
596
328
128
659
456
329
573
234
501
792
16
949
863
992
979
431
176
752
784
291
801
895
504
226
626
182
839
411
997
197
863
915
51
289
640
931
854
48
808
843
242
863
915
964
251
61
204
967
33
884
169
925
588
195
139
957
44
365
638
999
346
336
192
587
866
320
136
60
754
18
432
419
765
10
529
746
872
457
834
460
221
734
749
77
901
529
71
851
382
645
229
559
440
879
373
558
129
374
733
197
158
668
714
841
493
560
708
571
832
624
666
192
148
715
89
305
78
483
843
839
431
549
976
909
189
162
413
632
19
214
947
681
397
896
228
779
568
643
181
439
844
296
791
166
832
409
467
781
788
355
964
193
354
987
779
83
638
609
522
235
108
515
270
375
945
696
719
803
974
643
469
394
315
671
902
328
309
360
420
52
764
948
454
940
405
334
866
990
697
263
923
246
899
353
861
512
988
396
713
554
146
456
290
357
688
825
34
23
620
296
342
754
338
541
767
293
490
446
2
800
545
618
328
89
134
318
80
907
512
679
378
327
704
120
477
559
348
22
201
966
22
891
649
761
443
60
50
676
921
3
276
37
527
739
694
38
263
534
701
367
528
601
608
735
811
32
146
427
198
351
356
791
245
492
803
523
773
396
66
786
107
128
257
918
848
751
62
369
821
123
211
774
961
161
243
589
680
881
278
223
146
940
975
324
538
740
104
222
42
717
895
223
356
746
529
600
124
18
329
238
239
165
6
600
384
60
926
75
298
609
206
792
45
770
692
896
844
742
127
417
440
266
973
944
594
179
756
850
821
340
660
520
685
252
285
324
491
845
786
48
72
518
987
402
464
774
799
62
488
396
114
113
299
827
985
358
122
712
644
807
113
636
262
812
698
914
84
908
59
554
278
84
103
203
868
102
74
744
254
498
562
594
947
247
777
678
995
29
583
879
25
283
538
556
85
634
138
387
50
859
455
931
55
273
368
221
885
965
144
133
936
299
306
33
562
911
370
398
400
84
896
845
104
841
460
527
734
657
860
434
357
677
971
317
593
761
133
905
497
246
361
785
831
348
388
686
480
835
42
305
151
174
198
18
646
790
795
167
369
148
943
914
958
339
717
517
624
66
71
382
506
264
457
512
310
799
257
602
425
865
341
892
586
601
672
909
83
142
896
443
985
645
998
312
892
899
764
546
517
290
258
915
199
645
831
800
539
795
816
814
491
921
825
231
946
183
452
14
310
587
805
270
32
866
779
850
832
461
45
399
387
739
258
309
144
583
253
711
427
661
397
360
782
388
811
348
26
904
933
103
85
656
139
2
651
204
575
221
446
256
956
834
69
692
385
578
307
969
744
502
75
801
970
56
726
297
944
133
816
276
9
452
28
587
352
737
145
282
21
381
570
318
786
694
671
756
632
24
612
997
450
101
956
625
571
86
909
102
703
176
419
544
654
634
205
57
783
209
991
977
9
199
594
928
200
429
790
863
901
460
560
599
835
753
382
994
220
590
478
52
228
18
139
501
496
538
948
433
860
571
721
696
868
54
977
785
203
718
238
481
663
481
880
501
201
36
459
915
618
104
238
663
881
56
778
276
655
649
193
378
907
744
243
374
628
335
695
670
895
873
834
765
215
252
456
266
941
592
873
764
49
579
110
597
193
493
759
756
750
941
707
42
67
869
30
672
879
283
569
809
495
706
91
322
594
910
46
902
193
859
135
252
30
95
677
939
194
54
548
63
893
961
820
717
703
326
867
928
889
301
709
849
910
396
509
794
286
881
92
719
982
113
527
664
546
593
474
280
661
102
58
342
725
222
853
286
986
616
619
130
151
72
27
596
223
801
667
396
174
213
687
620
708
987
138
99
0
412
523
387
160
654
