9182
4305
6056
9360
5960
6658
730
1539
2558
7808
3611
9253
4638
9353
6229
5665
8107
7381
3772
2785
6648
9000
2826
2282
4703
6962
9469
4168
8066
9693
2460
8009
2755
6732
6804
4968
6846
6801
8097
5948
9593
5
4093
7423
6670
4769
8917
3617
7692
1811
2033
6786
5905
436
5168
7014
2008
8932
4201
4727
3105
6135
4409
9272
7811
6558
478
6854
3063
3790
2663
9066
4761
7300
1421
5512
2562
9913
3507
1608
9637
997
5928
1575
5184
4875
5948
3444
6148
2888
1377
1571
5048
9050
5078
6086
7245
7191
1476
293
3430
1044
7413
9472
6167
2239
7515
3917
5396
8884
1609
8916
3953
4974
9552
4177
4716
7734
6908
9308
1718
4137
49
2352
3859
4905
3793
5771
6881
4992
3768
3977
7538
2211
7634
4226
9205
2599
9940
7534
8995
9848
9622
1023
6524
8154
2920
1777
7911
3459
6598
3401
1279
3317
215
3761
2093
6767
8733
4852
5640
5603
4488
4725
8190
5992
7635
7217
7579
9656
4
7489
6786
6136
6101
5306
4869
4178
8867
8606
3625
8092
5035
7344
2239
8453
8478
238
9820
8502
7791
9937
8874
5600
2193
3293
822
6625
7168
6234
2254
5612
9594
306
5459
3623
9169
488
3626
3011
7891
7408
3165
1771
3943
8217
3309
4188
6584
9536
8467
5919
3025
2160
4994
9729
3689
4319
4029
9843
4289
6619
6587
4564
1999
8090
3589
1249
3872
9134
9674
9103
8402
8954
7434
8205
5477
1914
6928
1963
1979
402
8332
6086
1603
1917
4523
4128
280
4703
8477
507
7854
2
3281
1353
9201
4694
7997
5538
9486
1713
8337
1454
3985
3988
616
1407
8336
3257
6869
7986
5394
3222
5805
5528
5796
8897
5112
3176
2672
3526
3319
9551
3544
2737
2550
2964
7187
4982
5513
4372
6816
8940
7617
7163
5895
4767
8071
4657
8693
9846
5872
8072
2937
2324
5952
4681
4407
9880
9972
3921
5917
8941
3247
2454
4385
193
5251
7520
8338
4404
5034
7462
196
433
7763
1983
2828
4336
8703
9872
5693
292
1494
9176
6289
3850
3396
7935
770
9471
8088
4123
1743
9981
2028
7532
2713
2225
5199
934
2978
7861
7431
5053
3840
7096
7807
8612
8502
2668
3551
96
378
9270
4312
7755
7301
6917
1911
2794
8078
1101
2337
4592
4117
7201
6063
6599
7223
9607
6103
2105
143
1134
7116
6942
3276
8070
1283
3857
6586
6812
2175
4112
7542
8129
1494
2721
8594
4305
7127
3858
1056
6113
8646
40
3642
5834
7129
6528
1226
1986
4283
9915
1734
8728
8990
4743
6430
8063
5844
2421
2545
6728
6382
960
8506
6862
3782
6011
8033
9416
7173
6471
920
852
6623
4116
90
4104
8583
1092
1701
9487
9943
6393
1669
8453
8196
7252
5557
5463
85
7777
7214
2781
8119
6375
819
6843
2078
1073
1056
6670
4853
6485
5096
7326
8917
9770
7956
55
5362
89
7673
2571
2751
9553
9973
769
8399
3034
7398
3683
1048
6438
9375
1667
7461
7353
4690
8574
7487
8060
5354
9117
5442
4638
6874
3767
214
2614
2053
6021
741
2469
5575
8561
6492
4966
6418
9345
1988
1684
8449
4012
6806
110
6196
3872
3202
9005
1760
4470
8270
5516
5848
5763
1975
9003
5509
6376
4226
9836
1254
8094
1538
8821
1471
7055
3073
2683
5905
8806
8185
8161
3627
791
6859
4058
732
1855
1398
6497
3710
5224
911
9859
1226
9131
1118
8795
4230
384
5165
844
2516
565
7173
5281
7452
1256
9810
8578
2664
337
5616
2333
7462
6427
828
1914
7488
6717
5566
543
3720
3074
7408
2223
9826
8789
9637
3865
8396
1571
8138
6096
3577
5946
998
5953
9828
7022
4465
343
6153
5127
8676
1136
7299
4296
6614
2337
6605
8118
3622
5311
564
1928
323
4712
5015
2864
94
3919
773
8021
5952
1549
1316
1658
7854
9194
1637
6652
8957
9558
1924
4124
1188
7552
6024
8
8730
117
1611
6718
5213
465
5129
1314
1657
902
8778
39
4859
2383
1042
5286
5158
6624
1441
7595
1427
9557
7813
2621
4350
2741
5310
1212
9893
200
6229
2938
1577
1275
6760
2105
7745
1185
818
5043
2543
1143
847
8857
5449
1721
7126
853
1299
3635
8036
3451
3247
757
8886
2808
6481
4829
3486
9019
3795
872
3545
8355
6211
7818
8500
5743
4758
1266
2881
5128
847
5969
3026
4073
9188
93
237
5056
9948
2796
8001
8326
2048
8782
9804
8242
1682
1307
4424
5101
245
856
5951
8376
6245
538
800
7739
8921
4128
3141
1413
9773
7494
392
6210
4867
1159
2019
8494
9392
7730
9377
8176
1458
564
8357
3152
3451
9741
4676
1663
1079
688
3628
6848
782
7047
3561
2582
3575
202
8019
9035
6456
9871
7089
5082
6395
6011
4501
7531
636
4683
187
5690
208
8247
6664
2845
5234
7968
3411
9098
5001
4475
1915
367
9392
6032
3290
8967
8454
8297
3579
820
1380
7693
7595
7730
3525
1871
2720
6478
1024
2671
702
4086
4489
710
1032
5884
3614
8117
7260
1550
6601
124
2592
166
8377
626
8863
3584
2058
1758
6420
4290
682
9633
7647
2989
920
3535
2929
9604
1742
9035
5920
4466
8605
5473
7441
5398
945
6362
779
3153
6019
8129
7756
3102
1632
9332
1200
3755
1096
3189
1869
510
3476
1926
1617
7500
6463
73
8982
5832
6458
8493
1328
5599
8732
3776
5792
5354
7637
5864
8099
9323
837
6163
5328
7038
4477
4736
6773
8363
8523
1901
1059
700
7390
6931
1549
2394
9971
9967
3625
5994
806
9876
8744
7561
6678
3251
4577
1403
9516
6066
4557
2137
1218
7317
6893
6671
1742
2977
4250
5649
3263
4431
7221
8455
2915
9561
7399
864
1470
8570
4815
3348
6914
3049
3715
7608
3241
3305
8210
1097
9533
6749
7684
2853
3666
480
8920
521
1885
3768
9663
1031
1738
8617
7588
4245
2337
939
9594
7145
2975
5195
4468
4388
9234
4258
1153
7695
9365
6019
870
894
2842
5656
3726
4520
2400
5306
5452
6101
5459
3122
8507
5926
9277
203
3016
1835
9325
7509
4966
3710
1776
532
4055
9805
9339
6148
5389
3653
392
8610
5895
4044
7392
4678
8468
8160
7747
3987
2781
2607
320
9898
660
5231
2547
1772
3617
7549
2461
3414
414
6834
8235
1403
1698
8555
1882
4835
3876
4835
8147
8396
7156
8993
7961
9526
5396
8870
9261
4526
4973
2999
4861
9942
4030
2456
2471
2075
4022
7507
8522
5794
847
8940
4826
2356
7167
1041
7092
2327
4502
5730
8259
9599
7508
4481
2064
6808
9988
8816
4452
1561
8457
7244
8241
5336
7738
2634
9913
2205
1913
5220
3746
5930
6960
6262
3148
9823
6213
9599
2415
360
1351
2184
6435
2069
8864
6824
2425
8442
5405
7731
658
578
7012
6828
3042
6953
9285
9814
4632
6019
8443
3870
9695
3775
4707
8103
8703
629
5791
8381
2904
2961
8474
3669
5696
7565
5138
5850
2495
8557
8121
6438
4807
2525
6850
6296
6085
3112
5939
7436
6656
9256
9615
7514
1320
861
1253
2332
5935
2101
3362
4943
7147
8293
77
1468
9047
6424
9112
4074
8925
2551
9707
1359
3635
3045
5100
3174
119
8658
9791
815
8774
9820
34
8164
4109
9711
5191
1221
9563
1478
948
1878
9251
5397
2121
5292
6024
4975
5670
1705
3707
3814
3816
6727
156
5637
1529
8767
463
6526
4393
3879
8516
3177
2154
8717
2412
6397
4884
4096
7090
4084
5495
85
8608
7221
9012
475
6661
7152
5818
9035
3342
6987
1214
4725
7741
9112
6070
3374
4079
2888
2918
8133
6966
1351
5581
2489
5
367
8270
4506
7361
1071
4112
1732
1923
4325
4645
4943
4836
8562
9363
7053
8781
6844
1643
3175
9007
7034
9017
7910
9035
4233
3615
7130
2695
8172
6109
4493
2429
4274
6660
2313
5636
195
8411
6051
4344
5216
2486
819
6749
5975
878
5498
24
217
1364
7777
7894
6323
3678
8361
7689
1073
1201
1510
1984
6194
1213
7387
7371
6700
8616
4910
3772
568
8787
2523
5152
3597
9877
5393
1248
3721
8851
7463
7952
1048
4944
7780
4472
2121
5325
5361
4446
3088
4548
3717
6329
1523
4500
6388
3248
9960
5402
5907
4226
267
2563
300
9193
3582
9534
1728
9644
337
727
4500
5897
2290
5071
1960
5661
6727
674
5313
212
3554
7017
5595
1821
5494
3494
7286
4436
2387
4181
6466
5746
6658
4975
5484
4341
1686
7048
5737
5528
5670
8258
7688
8547
4892
4601
2055
6305
9231
2524
5607
5846
8049
1628
8475
2381
6238
1900
8366
3954
5043
7511
5679
2502
7789
309
9073
2299
9672
2401
2486
4661
5194
5850
6963
5942
1230
9927
7146
4698
2426
9529
8263
3868
5030
8380
148
3709
3210
1742
2502
3847
4620
8752
8540
6113
5160
7989
3487
9557
7731
111
8291
5956
1172
6338
4076
5658
6632
5547
5321
6855
2603
2437
2492
3193
761
2704
7420
3516
2774
4167
5873
3978
398
6679
2816
1779
6463
6158
8546
4603
310
2862
9388
5006
9543
254
9382
5398
5449
1273
6369
1030
721
7316
93
7220
4226
5754
8617
7632
9801
2517
9299
5733
1579
3326
7789
6661
9729
7615
4536
8213
312
758
5984
2232
6044
3407
2966
3912
2010
9535
4194
1174
2093
5762
8790
4257
6269
3840
6886
1451
8976
4351
3140
9979
6436
2465
2225
8685
8332
1900
9810
8056
3973
6456
5236
821
5831
15
5834
6138
3582
9604
5545
5740
8788
9197
6362
4654
7381
1377
7360
7526
4486
8005
5120
823
9047
5086
457
3829
5825
9070
4312
8016
3667
6901
7403
6014
8252
9326
1093
5318
728
3331
1926
9369
4306
7854
7396
3960
33
4112
4802
5520
6253
9936
4729
2540
7389
9099
1711
3056
9919
3036
7394
6660
5159
1515
5179
1291
6193
8715
519
3154
2143
5613
4457
3564
7634
6263
6429
2943
3520
9510
1770
6295
3951
1654
625
4797
2191
6648
1297
1524
7095
5054
3916
9827
6745
4230
2254
8417
3865
5990
7907
1306
6406
9896
4417
1581
899
5707
4718
3341
4064
8780
2061
4112
7913
2260
7928
9526
4296
7601
35
6396
8588
7612
3201
2640
5648
6687
5054
6238
2769
6187
1009
565
3459
3852
2136
9121
1275
376
8936
8899
6409
3563
1070
1453
266
3450
7964
8652
3201
2256
9679
6129
8435
7727
7416
6625
7652
6934
4916
7695
6403
8083
5927
7105
1888
4771
6851
2788
2501
25
8056
7343
4256
6929
5694
9982
2569
6148
4661
3128
1396
3192
2644
4558
7077
3644
2396
9798
4855
2628
2271
745
2944
9711
5694
4472
3673
6646
900
3440
9312
4591
7973
4514
1264
6597
1197
371
4138
3823
8368
133
7351
2105
7972
5317
44
3296
7532
4072
8243
977
2258
9755
5732
2145
4080
3569
4619
656
756
1378
4388
1237
243
6227
3404
8615
9883
6679
4179
518
7263
5383
4403
4627
9953
9534
4473
6050
3365
5893
1870
8206
5557
5062
1255
9262
605
9670
4745
9315
5529
7774
3359
3895
1324
6632
2557
712
7378
2850
5333
1534
8310
2587
7117
3941
975
3206
565
5716
2492
171
315
6303
941
9813
6799
8046
1885
3433
6615
4172
6279
7463
1842
6754
4717
1035
2692
7090
3116
8084
6694
8233
6947
5810
9600
8923
1176
8006
4333
6953
3306
4682
734
6732
8702
1010
7977
8647
3985
255
7882
6640
1509
7639
5680
9956
4646
7510
359
19
5634
1102
135
5467
4287
9738
8474
6937
5149
8543
8538
1456
2885
1058
1105
2755
9701
9959
5164
2312
8691
4117
7786
6220
3564
848
8167
7011
1900
4095
3634
6651
8432
8882
9785
4101
8513
9387
237
3518
5651
3747
8375
1329
9748
3686
8751
8231
2025
1565
6444
673
2127
6074
7361
2682
9939
8594
4078
4531
3384
4082
245
5277
1967
292
292
5859
9827
8216
5982
8396
3526
1470
2441
4147
3026
8273
2838
2067
7733
3024
1562
931
7363
5661
4988
764
6934
4707
6797
3295
5984
5983
6353
6727
6933
7074
4183
9387
5377
4299
2603
3274
9149
2288
9666
1900
3365
6622
9919
1447
1851
3316
7145
1157
2734
4631
7822
3260
9513
8801
4590
3305
7431
1050
5731
4159
4677
2885
9438
8924
7029
441
2099
2737
6170
5531
533
925
2486
569
6545
1090
5476
7482
2219
8981
2281
4259
3526
580
2778
5814
8042
4871
9329
170
5150
9371
926
5874
2492
821
3930
6891
3395
7651
2829
9500
2861
2865
287
3577
1330
1076
3657
2350
5862
7434
8366
8385
16
4344
1797
6912
8624
7770
810
9979
3069
2427
2254
7329
901
7182
8132
4160
1350
3639
375
1732
4469
5682
7242
5635
9351
4397
3053
4722
1597
6726
4228
1712
3453
2715
9744
1488
510
3021
5327
3685
3998
2372
2965
7218
6427
5959
6366
2000
7347
3642
4619
4731
4726
1413
5227
6726
2715
2145
3364
2827
7754
1937
2381
2371
3144
7807
4721
6689
7516
4841
9853
5657
6374
2156
301
6303
1553
626
1365
6485
2804
8443
5884
2898
731
4192
6270
4489
9440
4706
6429
408
9928
3044
9513
167
3415
7954
2088
8507
9188
7042
6180
4561
9993
6972
8760
7017
267
5110
9280
1919
4070
4339
2411
2121
2481
3907
265
9347
7054
4248
8757
8867
1053
9835
7593
4380
5696
4356
353
4783
8303
1680
6335
9175
4669
4337
5427
6123
3544
8713
6972
7585
9700
6284
9509
5534
1485
1547
8308
2308
5556
9185
3384
6931
4517
485
6675
9049
8877
1098
97
1652
2459
8943
3965
3342
7963
9290
716
3676
6748
2213
7025
3569
5795
1772
5353
1894
1003
9373
2919
9094
1760
6230
4233
3120
8496
4997
295
6685
3204
2794
925
8242
3542
9250
3553
4483
5605
7034
2984
1258
8184
8070
5305
1793
9260
4897
4904
4135
2689
7868
9314
1202
1924
5771
119
3879
7949
1125
9954
7655
3799
921
8636
7155
182
3356
35
3536
4381
4292
4808
1736
5425
7374
4211
7241
9138
1279
8896
7797
31
2921
6731
2791
8833
2923
9643
4900
2183
7759
7733
174
5468
7848
5019
3696
7895
3272
7373
1294
8987
7081
9860
7631
7577
3429
8069
2950
3572
974
639
1949
4224
3515
3095
3252
9448
825
3959
5894
3912
5976
2551
5675
6564
4590
9496
7200
3632
810
8829
1939
3711
861
1560
8007
2195
3867
3993
7519
8384
9730
7073
3168
7480
5002
274
5599
813
4805
1544
736
3572
8058
6959
2329
5243
4701
5419
5799
1555
743
2392
8616
7012
8902
8035
9433
612
8583
8644
9808
3744
9576
7431
5626
3902
1436
9913
4146
7322
485
767
3057
4747
4239
6654
5704
349
4783
4163
3838
6828
3919
2727
7842
4576
368
4417
7929
4991
888
2279
9720
4980
6140
815
8470
8656
3384
7353
1351
6701
7113
837
3111
3077
5711
5531
3332
9999
9899
7653
8207
3761
7858
2479
438
275
6554
5474
1612
9360
3314
8735
9771
3313
2568
6739
8476
4742
7106
7495
1089
4876
5845
9085
7777
1432
3383
8380
4247
1831
5958
5900
9686
9052
1243
3678
472
2381
3102
37
4986
2705
2327
6925
979
3312
2602
6024
9283
6044
9730
8331
3867
4370
4095
6999
6915
5547
2557
5556
8538
3505
8080
5301
8600
5722
5377
9586
6054
9247
2065
5404
3379
1786
4989
5346
3753
6250
2161
1483
4246
1824
9384
3269
4663
2316
875
8706
4296
4461
9626
450
5690
506
161
8421
8730
7551
731
4564
100
6728
4688
8038
5588
6948
6675
4516
8988
7386
6620
5275
7822
8126
2134
2090
2007
6608
7691
5755
2579
6525
8877
3400
3678
9556
5114
3329
6552
6844
4027
311
7746
3610
7645
3073
1984
2706
9669
4894
5924
1788
1382
8104
5368
9433
8949
4140
2227
5522
6781
7425
8537
9553
1431
9032
1963
1372
4876
6006
4507
2634
455
7873
1932
7262
3532
4061
4852
2985
4499
5507
4281
9986
5709
6257
2956
479
2121
9839
5969
9676
5629
1824
5299
4118
9736
7828
6506
8571
6492
2682
476
8322
3304
9470
7157
1674
609
3786
9675
3583
1905
9788
9339
4396
798
8275
7074
2397
3759
8251
8408
564
6973
4456
3764
1385
5393
7176
453
8299
5401
9692
6964
5111
4670
8086
4935
2069
9951
3434
7031
4033
5243
9742
4400
5965
4839
7844
3184
1506
9675
6652
8517
6644
2281
5016
5057
651
7950
3587
796
3630
5133
423
5704
1588
5414
423
5963
3761
9502
1121
6252
9864
6048
559
9347
3377
8172
8073
7346
9279
753
54
2154
6883
6128
5520
5287
4403
6832
4757
8436
1961
5743
5135
5839
148
3891
4958
4778
5312
6120
3080
5255
2653
873
9251
5634
7252
8082
3777
3725
1932
8586
2155
8412
9202
5761
3607
1397
8787
2094
997
924
2475
2417
6581
6898
4906
10
8049
6474
343
6494
3625
8518
5771
3575
7051
9614
4481
4106
535
9645
5839
7136
9728
8671
9115
7914
2427
889
8917
9503
2088
8096
9968
4935
8230
7801
648
4729
5643
4023
7655
6361
2128
8799
3513
590
6413
1301
5174
8594
4176
5195
7325
7468
989
916
5822
2219
8637
7787
893
9687
6162
1341
5866
899
3469
7346
1763
3308
3866
5531
5517
6906
2245
3785
6740
8710
7732
2929
8993
2455
1794
6437
1931
290
9677
6804
344
409
2206
3285
2219
3869
2692
1058
8048
2462
7455
6159
9030
7763
1362
8893
5158
4348
9847
3745
4039
363
6861
5701
8774
1087
6431
9861
9451
5077
332
329
899
5597
1211
9638
8176
1193
1200
5053
8922
5991
2551
6785
5187
9917
3758
5638
7361
1406
1118
7787
2085
5058
6353
1294
414
3808
9790
4788
5769
8262
8401
6118
2707
2268
6044
8647
372
3403
4208
5986
4491
7218
1821
5884
5998
129
1832
2963
167
9569
7989
261
7248
6003
3369
5247
6772
3619
9715
3262
584
5948
7930
2747
7909
2549
3940
7636
6733
9618
9514
9009
8051
7515
2906
8353
2996
5706
3770
102
2091
6405
6867
9744
3276
3558
5480
5125
8101
9602
1370
999
461
7684
7076
7665
725
4047
7506
5342
7488
8836
3381
4788
7771
7611
4707
1180
7271
2036
1963
653
1087
3583
2502
6490
1281
7207
4255
1853
6600
2072
6292
6018
3968
7275
5295
4845
6309
1345
3681
7698
5704
8742
3219
1257
2749
7460
7288
1217
6544
3525
7631
5842
5187
6217
878
7229
7410
3218
7309
2018
1709
8336
4098
5002
307
3362
7038
3170
2306
3510
9132
4814
6708
9389
8573
1562
7926
8963
6480
2457
419
6008
4004
5620
359
8999
791
7199
2910
1954
5439
6731
2112
7199
7438
853
9734
3706
8836
4978
6292
3690
2105
9507
2647
8902
7194
2520
6511
260
2556
5575
9066
6021
2871
9558
809
8180
5962
5346
5956
3309
7564
7205
3406
2313
6055
5552
7129
9569
873
9094
8625
7078
2872
1949
5716
3371
55
9505
2299
8695
7067
8993
6400
5947
3050
6855
9477
9543
7791
2659
791
1062
9279
8388
5673
4385
5754
8405
4498
8752
4518
9922
3323
5941
7674
4731
9557
2694
3452
913
6668
4829
15
4071
7924
2391
3477
1238
6697
8780
952
8298
9504
2735
1021
8269
835
691
2724
3257
414
1703
9452
5738
7368
366
7766
2839
4972
4684
1497
248
2328
7080
1060
563
1113
7080
9222
3128
3390
4404
657
2505
9658
3891
8347
3548
4254
2435
2495
5063
6465
925
5523
6758
8038
9600
7986
1030
2170
5209
6104
6702
7349
6091
5697
8323
849
4717
9729
38
3314
1214
3656
1473
7301
6601
6646
2200
1734
3274
1369
8169
717
8203
6557
7583
7516
495
7534
5705
6326
5419
3103
784
9460
691
9584
4146
588
3210
8524
9779
1624
7496
8412
7889
6640
2208
3861
9603
6145
6700
8019
2852
9160
9259
4688
8129
9729
1135
6292
911
9917
915
7386
8717
7645
3119
8411
3675
5610
3089
8003
2957
3616
5763
5367
7340
7441
5747
8484
4616
9152
1032
4839
7372
2416
7113
2985
1298
2912
4139
9923
8134
4843
9462
2811
8536
987
3883
5604
3172
6763
5291
5987
2840
3482
2030
4612
3222
8257
5868
9860
1501
8050
6105
1697
1676
4601
3952
8793
9386
459
5194
4717
4960
1078
2962
1480
5349
316
6375
2447
4063
1882
5965
4779
5911
4149
435
7591
5786
8466
8408
625
1027
8934
769
368
9103
7842
9798
8245
7206
8753
1643
1253
2333
9251
8415
9920
9962
9692
7438
6746
9630
6142
3956
9568
2960
7379
1599
8059
8747
8112
3885
8991
3177
835
7730
2805
960
2941
3698
9692
4188
842
3837
7888
1297
4024
8088
6849
6698
866
8120
9648
545
9814
3871
1340
5940
5917
3855
2332
3229
6549
1257
4961
5230
6368
1270
3168
4793
7900
9399
317
4699
9746
764
8911
2142
6702
6559
7736
7544
2120
1395
3327
8528
9188
7835
6580
8424
695
6968
3591
2145
2019
5752
8045
9630
5661
8624
6293
2665
5970
5714
6893
1246
8333
4609
8381
8930
9794
5235
2180
5603
8602
4973
5925
1922
5456
4891
7435
9810
4933
2898
1647
34
178
7034
9144
9512
208
3573
2810
4223
7603
2764
6524
4906
6055
7225
8245
6833
3330
8980
1274
7590
4508
8366
2346
8476
5388
1640
5126
2983
4606
5317
3922
3415
6605
1960
1692
2887
256
801
4096
3116
1524
3126
5341
9130
5436
4918
5673
5728
1233
7562
7134
100
7920
881
2325
8848
7822
8821
9358
5541
1759
5469
5518
9661
7008
3786
3068
6409
7571
8517
6456
9293
5723
8810
9915
3625
1575
3212
4125
7053
1940
701
9721
2712
8294
7892
7640
7450
1274
6018
8954
7426
597
1852
6206
9208
3589
8726
9718
5039
7004
3919
7223
9514
3930
9417
580
6350
172
8941
4914
1647
9899
3996
7585
1482
1335
4724
5713
2699
8766
4902
8892
1658
3033
5977
9261
3339
2389
196
636
935
1526
1277
4580
3756
1916
1930
1523
2684
4712
7711
9444
3634
1943
6495
2497
1568
9897
1057
5229
5902
7920
3899
126
4740
2719
4462
4387
4187
3695
7784
4522
3043
9103
9258
1902
5864
275
1726
2776
4855
8047
7437
1472
108
5977
7909
6844
4502
7157
5559
5476
6648
1235
1055
1646
171
4145
5531
9947
2194
5102
2223
4450
87
2753
3950
964
708
5317
619
3222
2902
6731
9395
3239
2878
4026
1074
9382
4010
7206
9892
5401
3020
7839
4997
200
4472
4937
5848
7171
804
7859
2719
1792
1006
8106
7404
2466
8513
1978
2201
9651
7174
6254
7535
720
893
6042
3179
6302
39
656
3810
6887
1208
2060
2015
5985
1780
3744
977
9519
6713
8475
5832
3976
4674
8305
8220
5014
9293
9646
1877
2695
1137
8535
3212
9495
2253
9870
4909
2258
4712
6555
1743
3676
6245
8768
1329
3446
4342
3166
7460
9536
6606
5203
4118
8611
837
5546
8798
2909
9647
1071
66
8733
2282
3139
5597
1937
9748
5554
3695
6858
7066
5151
9695
5336
5992
3616
6193
7161
9320
570
7005
2058
6867
5210
4999
7080
4293
3330
7168
9564
2690
6235
2092
8740
6358
4650
9540
1893
8332
4639
5823
3115
2351
5423
3905
2344
9636
1222
9318
8315
8198
3402
6676
8761
3073
2708
3439
5565
4680
2051
793
7477
1374
1105
5899
37
6083
1530
5854
6718
246
2967
4870
82
2809
152
9987
4330
2325
479
2701
1464
94
1004
7668
9341
9081
871
452
3847
2826
63
6638
4739
6455
7923
1962
4873
7812
7651
6929
9802
3449
5060
6744
9093
2549
1202
8725
2301
4662
4642
1948
8494
283
3861
2572
2290
7309
9757
8950
1
1438
2788
3473
6420
8292
324
1710
3518
9339
5340
2241
5454
3855
9988
5801
9203
9763
4366
7796
6596
3483
4411
9329
5342
1021
4458
3886
7336
5621
273
9685
3801
6546
4155
6134
1442
8351
862
3616
9807
3374
4800
8271
1767
2216
7784
4872
9279
8141
1678
3099
636
4374
8045
212
342
7284
2116
8751
5105
711
5127
9650
6585
2870
9501
5398
7968
7560
9581
8477
9515
6837
5776
8722
9841
4347
7301
906
2381
5439
9190
7376
8459
5458
1679
9582
3209
4879
803
6657
7901
4149
5695
3106
1669
8075
6770
7819
6615
9043
1441
312
7939
2824
3736
6575
9606
8111
8072
2856
847
3518
9758
4112
7905
3156
9663
1535
8782
5031
769
6364
3050
3269
2242
1518
3607
706
4677
7892
1932
8017
7734
1907
8512
512
168
6846
3536
3507
2947
885
1473
2529
7909
6256
4759
662
7903
7285
7192
425
5733
5130
8170
7974
3153
4087
9984
6248
7554
8716
6959
1049
8144
9597
7960
762
439
1260
3576
4536
1172
9043
1602
6644
9890
5767
211
726
7874
575
4122
9666
4229
7919
360
1346
448
6169
3014
4006
5603
6703
9774
1904
9220
2297
2268
8540
1015
6484
7854
6750
2992
6943
4824
8733
2960
6009
9314
2895
2841
892
9220
7562
6304
6888
1251
3650
9034
8257
9985
4937
9802
3513
3447
6542
7891
7338
9717
7223
5158
8058
7581
4624
49
179
9943
8652
2996
3227
277
1411
7341
7820
5156
2958
489
3324
2978
2549
8183
735
964
4245
4452
3873
2890
5005
4167
5001
6617
8515
395
309
2909
7206
9205
8429
4624
3239
853
9359
8905
9793
9933
8985
6542
918
2471
272
7625
6703
2110
1946
58
7454
721
7516
8605
1018
8137
9374
188
9067
6802
8889
5617
5282
3610
2925
3485
5781
2950
3913
5259
5606
3202
619
1627
6681
8471
1158
5711
2465
7963
947
4975
4689
5490
6340
9360
9681
8332
6333
6133
4842
4871
4762
1299
974
1123
1924
502
161
1703
8208
659
3237
5733
9404
8069
6181
73
5603
1037
9048
7664
2491
761
7567
426
7893
1734
6405
673
898
4904
1079
3401
17
4000
4364
8002
747
5170
7255
5780
3688
1283
1331
820
4758
362
6378
86
6714
865
5512
8284
4682
949
6574
4707
6027
5057
235
4728
7905
6351
2135
499
3133
2145
4996
9864
2262
1436
4260
3838
5562
6618
751
4311
2080
2961
4319
2449
6851
250
8083
3859
2655
4221
5089
1951
5752
2319
138
8887
6734
5689
178
3767
1330
8486
8839
4990
2780
4451
6156
6347
4071
9755
829
7398
7975
3840
7443
6084
786
258
4610
2596
8636
6782
6284
9526
5820
2206
4696
2616
5506
6422
591
4535
5054
1064
3043
7903
5561
7810
2041
1268
5853
7294
4246
861
1252
6161
806
1684
6795
8285
2246
7112
1204
8457
8764
2084
8220
6101
1987
7927
2533
5223
4737
1299
1468
2856
5791
7647
5310
744
4525
3395
448
5167
716
1750
4657
9725
8476
1126
7400
235
7242
3587
7018
1391
7455
9214
4342
5614
708
547
6031
7857
1458
7927
2215
8220
9886
9666
1972
1217
5727
8235
1618
44
7615
5993
6162
4142
3598
5877
5623
844
1767
9810
116
961
9524
8216
8851
2386
8134
8829
2309
4547
8148
3824
7629
7963
4625
5646
3793
8730
9511
9176
9934
6890
270
7151
1348
6965
6929
6553
4027
8100
1158
257
909
7703
8027
9349
9356
480
8301
8480
7363
7208
6237
9104
1826
5637
6020
2437
8671
3743
9359
7455
232
8563
5677
8267
5399
953
1312
3801
5731
446
4683
6666
4837
2236
2680
4980
5297
892
7136
9443
9784
3710
4167
1274
2561
1742
6469
4055
2943
3869
7163
9155
2683
3535
2696
6344
2293
6724
7920
5105
2194
8034
1731
8543
2463
6985
7349
8034
5056
9740
9368
8790
3122
4888
8476
2477
2212
3332
1199
1010
6425
4501
4709
7613
4936
8269
33
1893
8348
6088
5348
5981
2757
341
7006
7676
4303
7062
8325
2503
8204
4466
2083
6724
36
1248
166
4867
2421
4224
5180
6075
6346
7215
9038
6310
15
9559
7571
6930
1912
7382
5613
2089
1447
7303
7589
1282
3312
5478
4705
7641
5486
1510
8416
2670
2895
5273
1549
4501
3525
9046
6533
9608
6284
9187
8741
9759
3654
8618
4939
5837
59
8455
6601
8304
4464
2003
2139
2114
8343
7002
1370
2263
579
4556
101
2696
8712
2281
6417
9038
4030
1396
579
7263
8414
4594
4078
2240
9809
7502
3497
7364
3961
694
566
7560
8250
6885
3091
6523
2260
8295
8851
8223
3605
316
8287
7443
181
8254
9602
6749
1466
8401
7460
2503
7859
9729
3717
458
4315
3082
2713
5214
228
1007
550
8656
9636
2064
3452
9395
3801
6641
3925
9218
9602
9274
8027
6217
1962
5794
9435
7257
2543
1931
8001
5860
3790
3249
2425
1912
7579
9983
4217
6840
3461
6641
5711
1197
283
3057
5893
3243
6671
1053
6356
4555
6133
4409
8187
952
9609
6312
2140
8997
7262
7448
5542
7342
7519
2908
125
3815
9905
2770
6710
4942
7478
7281
8227
7290
9140
2036
9051
6497
2719
7181
5071
7323
1582
3815
6221
6992
3195
8120
8934
8022
1776
5017
5757
1596
6957
9679
4620
3608
5955
1380
36
7853
3611
6526
9805
4260
3823
6178
8535
5431
8704
3020
7882
6558
9074
5353
5513
3581
2335
1790
3640
6702
2010
1878
324
4932
4050
7391
6079
5566
5273
6372
9370
1269
9327
1496
2498
423
4837
2078
3474
9453
1903
7736
6813
5448
583
1218
2730
2536
3007
4258
842
9588
3046
854
1736
2532
4312
1226
6189
446
7606
9586
1772
9722
5153
8358
3955
4455
2380
4776
6457
3442
4275
9074
4285
6456
3298
8607
1370
5256
6814
3351
2541
1673
6732
5685
8021
4451
8223
9483
9437
3641
8737
2621
5620
8596
4189
4187
9534
2550
7837
4461
6704
8403
1721
2669
9259
2821
6672
3454
9423
8591
625
6543
5904
6860
6965
6904
3199
229
3116
7305
9683
7396
4697
2630
9381
2568
7250
364
5356
3202
2964
4105
4669
7332
4611
8372
5429
5871
5258
5249
2887
2274
4021
6722
4698
1366
6849
7270
6289
299
1890
783
6500
4743
4930
9954
7616
4850
470
286
8598
8187
7875
291
209
4829
5725
8871
184
1332
2235
7474
3656
6929
8914
999
1641
5495
454
1113
1443
2382
897
9825
7350
5206
3908
6194
1895
1946
4580
5090
9795
2115
1690
3369
7183
4925
5371
8823
3456
6239
4911
6396
6298
2207
1862
6597
5765
9082
6851
7000
6232
3733
4450
8135
9281
5732
4415
6673
7480
7561
4856
2529
2499
1431
2771
6572
2194
2441
6119
5241
6372
9311
4731
9417
9590
6159
9083
967
107
5923
2607
6922
8948
5872
2477
3627
7043
5000
6541
1390
2459
899
8301
6010
3826
7693
1735
132
9866
2812
7628
6162
5051
397
887
4613
7995
7034
9323
562
1565
3689
2790
8348
862
212
6758
2819
2803
5244
7307
6082
833
9108
4168
2863
2288
9333
3626
774
4915
2412
7721
2773
371
8788
6910
1072
2431
4555
5612
1935
7497
5905
2694
910
3729
5322
3809
6176
4627
4118
6232
5454
2899
6041
3528
1582
1995
8281
7609
3687
5773
9800
2295
3772
4736
8969
8571
2149
3598
6426
9936
5918
4445
3353
6260
1452
8049
7052
1017
3696
8996
3152
9887
6995
8860
7517
7474
9177
8739
254
8842
6291
580
3228
4775
4412
9823
8619
285
632
6447
6826
7792
1611
4498
4701
1261
8646
8757
6251
4902
551
7274
8320
2461
1479
3314
2287
9307
3551
8547
7361
1544
1516
1634
4148
5373
7181
8940
7348
3759
3742
9144
9606
2359
1270
7708
2187
3795
6043
9816
9787
6210
912
9349
7046
9288
8140
496
1636
6505
6473
8350
6352
1220
7786
933
9742
2469
8154
5630
8787
24
2079
8629
8829
8872
8854
2629
5090
2752
259
2428
8026
1338
1774
9771
6290
4925
2719
2367
2139
7880
5100
4227
161
3580
943
2122
7751
7113
216
9660
7088
2258
9092
6709
4194
2691
657
4214
5710
875
3204
5097
4237
1733
1621
7320
6275
9396
7431
8800
4462
9776
4597
2813
5415
235
3318
3272
6176
5615
6973
1588
7482
1883
8761
7670
1331
8094
7394
9582
4144
2043
9530
780
4047
4048
4440
6080
3636
5794
9874
3208
1143
6912
8912
2805
756
1352
179
5516
4311
1175
5952
966
1880
6975
5323
2605
774
9818
1445
8860
24
4083
2488
876
6909
6943
7470
2600
6535
401
57
7020
7994
8133
2713
550
1231
3138
1626
5339
2922
7349
2387
738
7809
1487
2740
1116
147
5897
8587
596
3137
7770
8743
8755
7394
7741
1783
7191
6053
9729
6979
6365
524
3152
9259
3734
4195
9514
5925
5431
5034
8332
5888
6747
658
3369
716
5202
388
6755
7243
1103
1660
3023
7722
5906
3349
6408
3924
6339
2433
2741
9048
7074
246
5382
8298
1870
801
4633
9969
4881
2429
7208
7314
4080
2832
9826
7296
1874
5510
5410
6190
3131
2316
3241
7807
9175
7754
2980
9812
8009
7866
9640
7955
8556
6552
4795
1854
573
7260
5576
7998
6218
3528
3426
7461
4754
255
4002
5369
6550
7676
5180
3581
3253
8747
3133
3430
5975
3064
9791
7795
7797
4412
1695
7182
2858
9811
242
9729
8745
9166
8284
5717
7316
8171
8666
7543
7989
5201
5190
9684
1047
8558
7424
6510
4615
9500
5357
3479
7723
5441
5938
8986
5656
8642
6368
5803
495
8453
1661
6705
3768
7019
9366
1078
9344
8234
8294
2102
967
7976
7881
30
6785
2414
9484
3213
3693
3367
3231
2873
5678
7402
9416
2138
641
7900
4363
4776
1988
4911
2700
9732
8321
6310
2330
5624
2234
7665
1075
2237
2444
9789
4049
3408
350
7403
7542
3057
9460
3062
4198
4101
7211
5282
7267
9766
1795
5010
8718
4287
7291
5844
4492
2809
6888
7864
4895
9767
7551
5341
8339
6182
5180
1016
363
7768
6545
2408
2871
7102
4871
6354
2162
6053
5908
6557
5431
9205
7407
9879
4282
4870
8956
9046
1432
8092
8416
2907
4960
343
2474
7749
4355
5112
5724
3394
1384
1570
8599
9025
578
6023
4629
7948
6483
499
4144
7353
2573
2091
2141
8328
3900
9385
2793
589
1365
6675
3918
9359
839
5645
406
2076
6148
9409
1797
1689
454
6536
3274
7118
2838
156
5234
5582
8251
4549
7719
2370
8981
6814
700
3666
1398
5931
6495
6030
6020
1010
6402
4624
2990
9383
8
2288
7289
8781
1553
9664
8898
5495
9906
4473
4165
7277
7515
2531
7978
8580
8417
9085
3541
6783
4488
8902
2276
7256
3792
5322
6680
5994
8053
3120
8111
4074
9513
6393
5678
4900
4442
4681
5591
9552
9521
6444
9214
6610
7596
1724
3828
1001
9983
9281
9429
748
2586
5557
4192
9304
1477
3238
5874
984
1352
529
1498
1640
5798
1530
3971
1518
6548
9134
5349
82
5126
49
4093
160
4343
3575
4063
8553
7557
6590
114
3715
8327
786
3375
8361
882
2166
4268
4971
8638
9087
3242
3067
9953
848
3401
3015
9762
9561
8198
2538
8194
8918
4792
75
9715
7015
9
7460
4793
6046
3232
9118
7191
9538
7926
1229
7901
4123
34
9647
2469
2802
4823
683
6261
2625
4593
7696
858
2258
5098
256
852
3416
7672
6124
7747
67
9576
1593
2212
4002
9291
3519
6432
4675
4590
4103
2816
8206
7245
4461
9082
2621
9145
5432
5213
6883
9858
3087
7550
4951
4080
5634
4866
8935
6856
8992
963
5519
5499
6934
192
9981
5585
1845
3951
6508
6684
2941
9323
4515
7303
5051
8099
9418
296
7605
1924
5258
9891
6369
6490
2190
4594
4844
8707
9563
293
5422
8736
6896
1637
2773
1726
230
2890
2132
1051
9606
3969
4410
6418
6253
424
5547
7107
5861
5136
2378
5356
6523
9710
1814
2823
5198
8039
1918
3889
6527
7206
8229
92
8819
1465
917
495
6710
5003
4933
2918
6308
4883
9337
3243
2544
6061
2183
97
10
3642
3665
1916
6253
7279
2305
2996
1984
576
4381
1187
1192
8064
4736
7192
4074
1405
4612
7579
8092
3498
1239
6101
6970
7914
9386
3884
2466
9263
7540
1554
4266
5919
8284
2804
4927
540
8472
9261
1434
800
6035
8348
5999
1482
5951
6077
7287
539
331
2830
5262
5242
1990
7182
9013
7811
828
6259
3623
256
952
8818
3352
767
7822
9638
2207
624
2512
6019
3594
4885
388
3705
5960
7855
3037
9370
6125
2416
1184
864
7784
4008
3696
5483
6412
9182
5322
4759
8951
491
7303
6065
2278
3939
3952
2007
6842
759
6239
4808
6442
603
967
5521
4124
7963
9768
3482
9785
5969
6650
9145
9228
5609
3825
5578
9390
1520
438
8582
2082
9085
4726
8836
9299
3191
1237
7105
3707
8339
7968
5260
1239
9784
8949
8465
597
7282
4635
3633
7338
1693
6091
3525
6700
7437
5791
4306
8595
3021
9190
6206
6216
883
4369
8476
4747
4103
5635
4460
2406
7665
6729
5587
1117
5582
6863
9264
559
280
9771
5411
2525
5923
8583
1529
7873
3066
6181
1271
7128
5147
9861
6829
5147
6548
5802
6372
8823
197
4983
431
1502
3731
492
3968
8033
6902
9672
9561
4747
9255
7424
5635
7214
7307
5841
6686
5707
7562
4951
7054
2319
4403
6050
7406
5084
3146
5461
20
6234
9264
1191
8329
3411
2335
2317
4617
8551
5770
3109
1074
4806
9565
3655
4603
5581
8655
2192
6254
5039
4268
947
6004
5573
163
7984
9537
8064
3593
3799
3526
6756
2809
6766
8802
122
9381
2286
6801
2707
8660
5213
7896
7811
8057
7165
1060
235
5981
3133
9448
9757
4599
2703
8339
2460
5057
2714
2969
4261
3407
7891
6944
5960
1039
9048
2688
4056
368
8283
4165
2516
7300
8262
4749
4486
867
6562
4444
2773
1558
9785
2568
205
3814
4985
118
9008
9745
7761
1106
7563
3396
6963
4820
3024
5590
9884
899
1574
7491
246
635
6189
2061
8037
8108
8966
7218
8919
423
7541
2836
8989
8986
2484
6787
7541
8652
5832
5351
2006
6456
6102
6604
8955
8662
1802
9784
6253
859
9961
2466
2267
8896
1648
5583
4958
3187
5628
9390
3518
1810
6789
6069
855
9275
3049
7465
931
3138
4029
3977
3991
1263
1491
5886
9652
6863
8185
1688
4970
1918
2405
444
2429
6945
4814
319
8309
7039
6493
9086
8221
2012
5240
2890
5712
2910
379
9753
3407
3086
2514
1472
2397
4110
5980
3169
5435
4865
1782
5632
965
1157
3848
1784
9446
2713
7336
2541
4751
5633
8338
9967
3699
4375
6510
1855
9352
4185
8493
2839
8581
4639
7977
1771
8226
8343
3041
8169
2843
8876
6151
2964
1370
3632
8983
4996
9041
9830
4198
127
6356
2368
3119
562
9741
1051
2037
8805
1921
1593
881
7216
5724
2629
7936
5162
4689
988
5633
8085
5017
6069
1056
1323
6532
7434
8277
2554
5911
7393
8221
305
4612
3305
8008
7547
121
8600
7124
5986
8979
5793
5819
6948
7840
7567
3320
3955
4936
8966
3323
2917
688
6414
6854
6233
8838
3534
6838
1358
5051
5221
9937
9567
6112
6791
2609
2463
1520
826
5505
7667
4689
2600
9131
6947
3488
1574
3813
3243
9980
8835
4595
8780
4755
6115
595
4822
3649
9727
1779
6949
6798
6721
7194
6651
7025
5833
4134
7157
7044
1224
3693
8543
1637
3215
7726
5260
3236
9546
738
1926
4372
9827
232
2363
2720
125
4910
1140
8839
1060
4756
3504
8239
9332
6181
1070
7838
9421
3132
676
8818
3330
2096
6061
7920
2646
9802
6204
4310
2321
896
8836
2808
8569
2647
1693
6476
8292
3421
330
585
2635
2542
6377
9532
32
328
4740
5113
4275
7945
8073
9443
2299
6210
2487
213
1595
7738
2099
6272
647
6103
4636
141
3411
4963
536
5410
7947
35
5381
2045
2085
4348
7111
6656
1554
8242
5179
6352
1960
8567
3326
1237
492
5878
7696
5227
6841
2610
3202
7704
2765
6087
7231
6104
3661
8492
5118
8584
8572
2514
2587
2905
6450
1526
5522
8758
3960
374
2776
9982
6457
3906
3785
5407
6027
5741
6095
6796
2541
4150
2571
3515
2102
1569
5614
527
9401
9174
3363
4664
8484
8015
8029
9903
1838
3221
3546
5478
7330
8935
7320
4678
7596
7805
9845
7416
8631
8346
5073
3950
3810
9143
7464
6681
7303
7385
9060
4816
3664
4859
2038
6183
1723
3964
3924
4591
8133
7194
4597
8873
8210
9091
8641
8165
1904
8939
3616
3169
4179
4556
8362
63
3208
9321
9141
614
9372
5193
6420
8707
8312
1661
6473
1124
5219
3331
5174
7813
3339
847
3003
1998
8273
7596
5810
645
6585
5229
9282
110
681
4914
1587
8564
7986
2470
1130
1925
1257
1557
4797
6847
7165
799
3318
6987
1722
4027
1118
582
3318
5121
7525
4317
471
4160
5831
4966
4393
6378
4851
3323
1543
5951
919
1523
5527
1973
4643
2048
8106
5233
1328
5357
4790
6630
4151
547
4566
8262
4762
2206
4841
5565
1988
3517
6886
9163
732
4134
8712
5802
9336
46
69
8209
2860
7545
6435
5329
7993
2977
7100
5982
8195
9559
21
5885
2655
1023
6628
278
311
9412
4070
9633
6144
6788
9403
6278
1044
7224
7478
9325
3433
3980
3881
7046
3175
8766
5762
5975
1560
5266
6582
2980
8800
3672
7301
3250
3319
1911
5842
4751
8550
5628
7941
1862
5299
3085
7392
1121
6820
5805
8988
1384
4932
6059
3678
3331
6218
1666
9438
319
2002
6973
2848
9271
716
1898
6834
1416
4175
8945
4014
3702
7299
9684
92
4392
2993
626
4811
7075
987
841
6378
9011
6447
6828
8974
1293
3081
3158
5523
1617
930
7599
5592
6642
1599
8993
1058
6452
7182
4394
7617
202
6439
8416
2178
3895
9968
9611
1373
7944
6716
6371
4356
9508
9225
1052
1071
7302
1216
2958
2512
2511
8005
945
6554
9753
7768
9968
4776
4211
816
2276
410
6021
4585
8423
171
454
2256
3817
9707
4114
3795
4040
3927
4087
1400
8155
2216
1557
9328
1543
4899
2939
7874
4923
9343
619
2846
3209
3018
5571
5095
4777
3672
1334
1225
7874
1577
1679
8026
7843
6306
503
3002
2391
1841
2774
5853
5868
9944
6675
8832
1475
3422
4155
9754
534
3217
2579
9219
935
8881
4297
8667
7062
986
5028
7443
510
3818
8128
111
6389
8817
598
1006
4034
3911
1883
5212
686
5805
1972
3646
7392
2777
374
2358
2228
7545
4871
9904
9040
5186
9377
3605
6565
1819
8579
2721
7449
7907
8994
7593
127
7435
1871
580
325
3724
3506
902
9993
6314
239
5997
4105
9435
9365
6274
6962
8500
8978
3827
6654
5407
5439
4263
5900
9536
8279
2402
8693
1125
144
7978
3383
6170
2958
370
7104
5332
1210
4336
1567
2441
2860
1902
5415
4065
4817
3619
3747
1209
4373
509
2780
1233
6577
9660
7516
4638
2186
1154
4959
8179
4800
6473
3961
9068
9691
4557
1517
1591
7015
6742
3512
1295
8788
1228
8777
8155
6439
3468
198
8415
6791
3959
5936
7990
3392
8481
5035
708
96
8132
5495
3674
567
7506
1206
1921
2810
1299
7943
8496
3242
5219
3518
5748
5964
1119
7123
2733
9214
9779
3264
3436
2639
2033
4701
8679
443
2482
5502
1154
4378
8110
2432
5267
8696
7616
4352
7627
966
9257
3607
7311
4709
3204
3501
2317
4641
4301
8662
9965
5792
1459
1002
7891
8305
8179
8760
6049
8778
1959
3810
3008
971
9789
6020
8365
4111
4802
137
4372
3985
7744
5624
9072
5118
3984
1267
9038
8119
5077
3735
8906
2979
2051
4871
8109
3919
2126
5579
5313
3699
6212
9407
4507
4443
5009
3576
4353
7659
6269
2627
8498
8940
4149
364
1177
4085
6166
4700
7567
4452
3715
353
898
6436
2509
4100
3542
5564
7473
9817
731
9149
757
4326
5689
660
7179
9117
7514
8761
5987
3335
8353
3780
2809
7656
9158
1689
3464
8438
6540
7695
8633
3239
8155
9292
3099
4812
7581
1636
444
7440
5512
4245
5634
1295
278
3108
4486
8188
2348
1266
7469
7049
6957
8052
6920
9706
55
1255
4126
7733
4811
8568
1329
4299
9935
4552
5472
3338
1806
9110
9929
5703
9300
9751
3726
258
2434
5258
2758
367
6208
9847
8765
3933
7135
2491
8939
6690
936
6934
1982
2784
2981
7683
4804
647
8568
3050
1552
3832
4149
1325
3744
3120
5393
6829
7771
5062
5868
2077
6077
1148
6996
9512
1321
6321
6432
7541
7823
5505
5402
4144
4201
8391
7260
1158
5582
2705
5465
3320
4334
7887
3407
9255
8363
551
3869
3657
2373
5342
7256
7333
975
4036
4519
2237
3660
9865
1753
393
6016
9765
1037
690
8243
5862
948
6599
9953
474
3285
1807
6782
5227
5394
4635
7226
8872
1384
1524
812
1473
3036
4005
6459
6034
3164
4432
6305
3397
8647
3580
977
1397
6661
1999
817
312
2976
6963
5365
6404
7889
8127
1861
8224
9477
878
1894
9422
7898
995
4717
4600
4360
1529
9856
6189
9288
3860
4357
7277
2202
2776
6339
1548
9195
9597
6800
3510
5086
7135
4397
6676
6433
8741
6379
3173
3086
7719
3638
2256
9090
108
7986
4797
8687
9928
9117
8066
9891
2307
6161
5616
6016
9370
8935
8177
8413
3995
5613
2418
3637
980
5522
3113
6345
5945
5519
2484
3627
6985
7402
3241
8637
5903
1964
1445
9505
3323
3667
3715
2903
6411
3977
1014
9043
5526
2789
269
561
2895
5771
6298
6113
1603
7826
7488
4547
6634
9753
8477
6077
3553
116
213
7817
5624
9618
8415
5075
1818
2881
3843
6580
5673
3837
3287
8713
4256
5393
7014
8128
3822
40
4495
5179
64
6868
4328
205
3782
4433
445
9880
1817
5815
3543
1892
2110
7459
8893
8339
5936
724
9812
8683
8000
8734
5562
4621
1077
7202
923
1528
6839
578
8648
2968
7410
5408
2492
1260
8905
4847
7180
5254
3190
7082
267
2633
6633
4350
5060
3696
2532
707
7514
1337
7751
4663
116
5553
253
6579
7037
4344
2347
1063
4397
4638
2130
341
6459
8378
2124
6486
3538
3448
7218
8034
855
6904
5567
3785
3944
4950
7796
785
4702
7898
7162
1787
252
8600
4060
8715
1420
6865
2681
7837
8298
7005
1348
7236
6414
8415
3071
3575
1571
686
1429
9259
40
7294
7771
343
8354
9158
3773
6062
1726
3446
5450
1256
7924
1460
8391
3588
8390
7672
3713
3945
9103
4854
9913
6264
2837
9269
5568
4920
4428
1495
3326
3062
553
757
6053
8370
4552
1201
2564
9914
2508
3514
3980
8999
1468
4477
3235
2573
1412
9204
3116
8418
4538
9788
4640
3999
4596
5762
8466
531
7701
5323
645
5697
402
253
5695
2964
4180
5670
721
5850
2257
1175
9552
6062
6299
2645
4079
2976
1842
4066
4239
1754
1945
4583
6269
5311
8800
711
4637
201
5025
5891
9019
8591
9339
9266
5803
1503
5778
6882
4547
1781
1991
8413
3411
7659
1907
8312
2621
3948
1557
3178
7296
3164
8947
6633
595
9286
6148
4278
6924
8195
5532
7980
7643
479
7367
7909
2085
575
2344
2001
9376
8488
9387
3350
5790
7488
8946
9581
2066
1265
5958
3683
9785
381
6878
8621
1407
3202
2701
9100
5732
9121
3931
9178
4199
7506
8458
1623
9875
3179
528
7220
6103
9630
1078
9970
814
6654
9586
3619
4710
5403
7451
1481
2908
2477
2933
7436
3014
2187
4583
938
4098
7056
1479
5093
1305
3504
39
9202
7065
941
8109
9850
2878
6173
8783
4072
4210
8183
9121
5435
5312
116
5361
4315
986
2116
4348
5929
1626
3468
4946
3035
9454
492
2711
6602
4004
8449
5084
3704
2811
7833
3054
5854
1409
4224
5203
5714
1141
4029
4295
614
5858
162
6393
1703
2981
4362
144
3801
8508
3860
4790
1636
8725
4911
8767
5745
4665
8738
9054
3145
6998
1322
3760
7803
8076
8970
6692
9847
2681
3664
31
3342
5486
3117
1115
9161
1980
3385
2554
399
4617
443
2686
8720
319
8762
4056
1013
2544
9556
2257
2980
4196
2259
6833
966
3151
7111
9524
2669
8164
444
7978
9535
9814
7933
6300
2023
2809
3312
7118
9488
2313
5093
3210
1345
6716
5969
7443
2077
8135
641
7178
8460
8433
1376
3203
2942
5458
7015
64
2804
4570
432
5019
649
9218
6078
5615
7560
6677
9288
3119
6419
3669
3
4420
2285
3241
630
6530
1975
7400
8835
9265
7391
3477
4825
2625
8448
1846
8069
6590
8058
7383
4963
6129
1029
5016
662
301
6276
8430
5347
843
48
2714
2321
4257
1077
6580
1900
2108
7427
5451
7541
5808
3552
3143
7207
3279
7278
22
9437
8347
9954
4565
6722
7493
6060
8274
8378
1525
2230
5247
7086
4929
2431
6532
397
4910
7868
3752
9383
4578
9560
6657
6168
9001
1428
4999
6110
1286
8851
6778
6148
1917
6160
3115
477
4035
8957
4539
6506
4534
6866
4513
1610
3676
4540
9195
4521
2370
6213
7059
2242
5251
4299
6740
8944
4719
7081
5134
8069
9164
3203
4507
5507
568
6698
2116
9051
8661
4267
4970
3637
4324
1813
9464
2060
497
7898
4424
1732
3385
9474
452
6755
9045
4501
7758
9093
9351
6466
357
8695
7677
4500
7476
988
3370
6579
8539
3441
9863
2428
9750
9445
8394
6846
6518
2469
8543
137
6483
4496
4452
3165
7706
3740
6889
3241
2587
5045
5708
3036
1219
8148
6156
8299
9150
5498
3021
5293
6863
6064
6956
2025
8445
5380
876
4716
6425
3020
1945
5073
1353
4460
3222
4764
6551
2748
8651
8921
8724
8874
8972
3048
1745
5645
6996
4593
5171
178
9434
3259
8802
1087
3309
8897
8476
2159
4926
3604
101
7111
9820
1534
3118
7863
2664
1441
3164
4886
4936
5264
6093
4013
5233
6458
3786
7062
8797
5109
3228
2701
1681
7630
6780
7723
2903
5102
6173
538
6593
5085
9926
8164
8548
171
4074
8607
3180
7763
8528
6355
2150
3493
3763
8196
9708
8472
5048
3460
2217
670
6537
8872
9552
5660
7825
2088
2947
6821
9910
4214
8171
4853
9236
7335
831
4404
1041
2356
6736
2347
4676
1393
7980
9129
9344
4090
928
7197
5133
5555
772
4454
1797
3456
5707
7638
6087
1007
7195
2479
4440
7587
7911
9151
315
6904
6408
5644
4018
6618
873
7728
9456
9535
1608
3863
1773
4389
6119
4483
8237
4300
7422
2566
6162
9804
4922
9303
5789
2928
1552
6195
598
139
6732
5163
7346
8746
9546
3038
5297
8369
5191
1151
312
8477
2298
3185
6977
1372
2771
1873
3123
402
5551
7485
486
7582
1685
4932
3228
6349
611
833
1371
4000
2464
3107
8957
3817
5622
6422
6394
9290
8855
8274
7226
6599
6292
8829
8974
7683
5274
1132
5669
6375
5295
6741
7680
8068
7613
7659
3008
7772
8256
7588
7962
954
8860
8445
8294
9920
7672
4769
4115
5226
2697
7520
5141
939
1667
6223
7481
9158
2259
5975
4249
6788
1084
2054
2937
2457
2076
427
6509
9566
768
7578
2554
6387
2178
6088
7575
1259
5016
3007
4559
917
6004
9538
2712
4376
9756
5468
4837
8903
6306
780
6871
195
7563
5850
5436
2802
8448
3413
5345
8763
3783
8318
8177
5171
3436
2763
6098
6497
3353
404
4597
1038
710
8163
5761
8640
9117
672
7501
7973
9840
3340
5886
6008
5708
1738
913
7994
6869
7525
635
2655
7852
4957
4390
2408
9120
5515
3980
9877
3274
6771
8068
4250
5140
4796
4268
977
1410
6703
6936
590
9910
9909
5322
3187
979
7952
1768
655
3619
9271
7753
7709
3465
1100
227
2667
1436
9372
1524
2108
2459
1494
5903
6781
3026
5369
5875
9183
8172
916
75
7159
9692
1425
8047
8621
5307
3771
1529
300
4970
7430
3198
1093
1583
5815
4217
7332
2791
8259
2953
5242
5076
8106
6250
9179
7593
5033
7655
8369
5776
132
5862
1118
8296
4427
8342
9156
4380
3570
6000
6041
3534
8456
2246
4349
1691
9447
8360
5920
3117
6756
6282
7600
948
3639
3597
3375
6052
2470
5393
2622
8155
8269
5944
402
1744
4377
5249
7134
8996
4695
9639
3862
8215
4698
3311
4694
6800
8517
3917
8161
8512
9652
4935
4568
5529
6741
4167
2408
551
8363
8535
38
7197
534
9196
74
2187
3466
7716
5949
5836
6138
9983
2278
5231
2455
8519
7472
419
5875
469
3241
3707
5079
1615
4366
5476
4492
4754
2189
4982
8355
1721
7239
455
5992
2447
8120
9445
3176
9436
7449
6132
565
1451
2805
9952
5002
8330
7968
1592
6330
5963
6512
7910
4745
3742
5142
2931
1110
8665
5389
3663
4715
7947
4786
5607
8076
5961
4174
9041
3994
7662
8572
710
2730
47
131
4239
7963
7032
1144
6271
2129
7245
2879
7966
8012
3756
807
339
7408
7394
697
5038
9994
8182
1544
1788
1677
9322
1457
1771
2020
7107
1895
7238
6151
5505
3063
1323
6529
5972
9694
3137
9621
8582
1730
4346
2334
2336
43
7895
3185
5768
7649
4102
5643
2303
6164
8719
9725
9808
65
721
9664
3544
9316
868
6146
8398
1377
270
763
4527
4232
523
9679
5019
3519
9945
7247
3483
8803
6145
3110
5803
830
4132
7787
8215
1634
2862
4940
5521
6505
2140
2369
4855
7896
2902
7698
617
1615
5257
8693
6167
1736
9991
3934
7283
3957
9449
7873
8828
2588
9301
1841
3676
4987
811
5095
3405
9786
8280
6302
7411
9903
1096
6634
1376
9969
5537
9514
2681
6973
474
2379
9603
7701
8611
2837
5723
9460
499
8023
8212
7653
3528
2840
4359
1062
6885
173
2337
7315
4334
2192
3649
2282
1871
2232
2865
347
8228
2235
8020
4040
813
2639
6916
4280
9676
1113
3462
2023
2665
356
1097
4421
6907
4203
895
3746
9853
4035
6486
9426
7003
4228
4331
5024
6445
3997
2911
8038
4613
3983
9355
4146
4596
4249
4264
2369
1380
226
3411
2297
9340
5702
6352
3905
5579
6392
8685
7445
826
2530
7623
8088
3397
8145
7860
3710
2526
2264
8502
5091
8269
8683
7202
6772
4038
7701
5488
4015
5412
8589
5186
2592
9789
8736
5448
6055
6096
8067
1245
354
4665
1430
709
2512
232
856
5365
9114
9517
4920
2816
9342
1855
3994
9227
5852
5401
6260
8178
4282
553
2164
3121
3172
1005
6931
6637
4732
6541
8484
1365
6819
3849
4440
568
4858
1853
7239
4112
2187
8468
8739
8688
1700
3387
5612
5185
8812
3187
4882
6722
2437
1698
8417
3747
3122
7925
8382
7262
6939
6033
3228
1097
4040
3769
8412
5101
6431
5807
3736
1270
2300
3525
6484
4297
7599
2220
6398
6835
7788
253
8286
9180
8768
4157
1192
2565
8527
3596
6869
7425
309
9229
1081
9428
6565
1368
9528
2435
1843
8627
1237
3292
4784
3303
1228
3887
8875
2288
3363
1812
1570
4825
9439
9596
487
5433
897
6715
9217
4888
1272
9185
9495
9351
2837
1811
1321
1440
3513
7823
8638
658
4319
3464
4924
5095
6886
8827
9964
7885
4540
3926
3088
1112
9200
5389
9015
2604
1661
7613
8466
9600
6416
4371
3424
4796
5950
8812
5929
4666
7325
1744
665
1311
3807
1531
6113
8360
9657
1493
7129
9704
5040
3689
6088
4526
5320
7481
5150
5568
8132
6308
3851
6686
2774
4269
2888
8991
2363
8912
8329
644
1480
4823
8165
4477
178
2585
132
3763
4838
5140
7006
4838
1792
7002
3871
6213
9976
7424
7336
9198
8353
7059
8214
8582
7456
3407
8680
2286
8762
6802
3175
9498
8493
6337
776
7198
1547
1741
3547
9970
6512
5424
395
1639
3567
5000
4449
9940
8850
2062
6311
1707
4882
6278
2045
1425
2827
1526
5614
3202
1049
9844
1750
2551
3642
5493
4801
493
698
8780
1842
412
8313
834
6182
8402
5853
3960
7482
1789
9490
4634
1370
2807
9128
8702
5968
8305
5037
4973
9384
7997
5429
7715
4983
6404
831
5532
4511
5455
886
4059
6547
4851
1547
28
3332
9564
1346
4311
8214
6794
9556
8413
85
8716
6110
3029
3149
3271
8663
1396
7736
7362
227
5219
9624
5725
7952
49
9831
956
2961
8451
4150
6426
477
1671
2601
270
8259
5932
7899
4981
8216
9802
4144
239
9060
3630
7336
5827
9254
1716
8212
6002
9257
6341
7564
1062
8997
7039
1472
1559
6404
7926
3211
3820
5122
606
5851
9970
161
3799
6271
272
7300
1679
1906
1274
1994
8081
2486
8576
1216
6217
4199
9145
4701
4141
1331
3652
5027
8475
6652
3136
3932
3781
8885
205
8873
7666
5290
5684
1948
9435
9881
2487
9075
1159
1599
6748
7795
5147
5367
6157
6098
3836
1428
3621
8430
7560
7794
2838
4332
2726
1560
8065
1553
8710
7708
8153
6533
6085
6790
9467
6573
532
6016
9545
6409
4226
742
2599
6843
7497
5880
8939
7745
4939
437
9829
7093
5351
7558
9985
7629
6706
325
6190
4670
5403
5535
7075
1449
9796
8432
7217
7809
6355
2837
977
3953
9283
5104
6560
7270
8934
8953
9248
7524
3372
1701
2524
8787
296
8855
8698
3446
4734
7553
2377
1296
6068
7998
9803
104
5553
4739
2631
5089
190
66
7856
1227
6836
4306
6887
4703
4973
9672
860
8891
5472
8333
4840
2912
2707
3917
3233
9505
3461
6204
607
1611
7989
9323
5376
614
2666
2911
3854
7836
2780
3611
7498
7500
478
9445
9238
5718
3162
5488
4066
6380
1596
2067
5884
9668
1800
4281
6112
8964
6014
4225
4974
7307
7807
8849
5511
5985
2633
557
6229
8867
244
8789
5368
1884
2251
7160
4695
4515
303
1151
5505
7512
7170
6313
3777
9987
3861
5533
6896
4599
598
8369
7067
2343
7087
3059
7141
8070
399
3311
678
166
4213
9271
9101
1049
3021
5996
8413
9483
2598
8840
9965
2487
3256
1768
9062
1164
6948
5727
5182
3599
6202
4934
82
9435
9164
4297
2696
2512
2777
2645
4283
7626
6534
1080
1649
8575
3820
2214
5869
4429
2014
5563
325
2307
4473
8834
1455
8057
9796
9344
3398
3539
4448
3364
1807
5400
5205
2241
8057
6215
2152
499
7720
8293
740
1344
2374
1605
90
3803
2064
6698
3625
8187
8584
4436
8410
1177
5465
8850
6935
880
3826
1319
1752
8249
4903
3469
2156
343
6149
2451
296
9403
7553
9984
4954
5573
5653
9283
6322
6541
2716
4813
4375
6021
1677
6153
6584
643
5706
5698
3252
7297
300
1613
9106
7296
653
8332
1377
4666
4568
7195
8965
5173
7718
6759
2007
7439
2295
5667
6530
568
319
2089
2659
4076
2863
4225
5174
3634
1139
9766
1106
1428
6962
4701
5021
9972
331
2835
9901
488
4199
7124
7929
4450
2414
9247
3289
6827
8160
3361
1260
1009
9929
1020
2595
9902
5136
1191
2982
2091
9151
6946
1358
9391
240
9527
676
5171
629
497
3777
2242
9844
5488
9689
2493
1212
2000
6484
8434
6066
2572
4213
939
6189
5958
8021
3023
1725
5407
4944
3511
6460
6882
1093
3305
9018
3890
4253
7087
4406
9720
1943
6792
1796
5850
6105
8694
5027
6951
965
9629
7016
4311
9381
6620
4726
5287
1149
5370
7311
5651
8181
3353
9749
7788
1098
1159
8528
5536
3262
9600
4037
7318
7085
9962
1696
494
7990
3459
1012
3963
1276
9931
9093
1252
449
872
9871
5552
4857
4947
6763
3115
7160
5555
8687
3439
1965
9225
8923
4256
8019
3591
8110
301
6957
3016
7629
6840
2934
3680
3844
3116
4490
1942
6385
6907
7019
2328
5433
9865
7016
8187
8354
282
3437
1148
8281
9821
2704
4641
2724
461
2688
3929
5683
2594
1996
4296
1491
8219
4848
2319
824
9505
1279
2096
471
9860
1097
5462
5150
4502
8348
8340
9678
8116
5313
8968
1681
8679
4349
2689
5101
5556
3874
8706
3879
7489
535
672
8765
1340
5539
7561
9052
1830
6862
5205
6655
9701
8814
2884
3947
3148
7814
2249
3434
2810
8998
5110
1283
7975
4921
7367
9141
3306
4585
8044
5744
329
5441
4066
8185
4391
6788
1088
4244
5441
1499
6362
6327
7417
804
1560
1004
9283
6548
1818
9080
8554
2968
8479
2171
1788
992
7361
762
6929
2716
8426
5428
129
2424
509
1812
201
1888
7224
1220
799
3901
9732
8922
1989
398
1959
8232
3991
5107
4086
8521
1614
3791
9143
5565
9327
9395
6272
3428
4547
6218
272
9935
6190
9353
9819
3384
9075
9564
6999
2359
